// hang-man animation ;)

# 1536 801
0.0065559248 0.63860008 0.86272105 5.5587027 0.064939328 6.2811853 3.5823603 263.50043
16 25 225
18 0 0 -0.02 2.05 12 0 0.0054954539 2.05 16 0 -0.047595276 2.05 19 0 -0.0028314305 2.05 25 0 -0.0020845977 2.05 38 0 0.018261898 2.05 50 0 0.018261898 2.05 61 0 1.4520988 2.05 75 0 1.6598835 1.4492243 87 0 1.57618 0.66310565 100 0 1.3305828 0.28474046 113 0 1.8300172 -0.15857994 138 0 1.8300172 -0.15857994 160 0 1.8300172 -0.15857994 175 0.38289557 1.8300172 -0.15857994 191 0.032779624 1.8300172 -0.32560836 208 -0.3073013 1.8300172 -0.15857994 225 0.032779624 1.8300172 -0.32560836
8 0 0 0 1.76 25 0 0.017915402 1.76 50 0 0.017915402 1.76 61 0 0.53822367 1.9310899 75 0 0.91481398 1.9310899 87 0 1.1979948 1.7536794 100 0 1.5035083 1.5056321 113 0 1.8485266 1.8184574
13 0 0 0.02 1.6 12 0 0.045478148 1.6 16 0 0.076839913 1.6 19 0 0.051228325 1.6 25 0 0.037915402 1.6 50 0 0.037915402 1.6 61 0 0.037915402 1.64941 75 0 0.026358346 1.6989467 100 0 0.026358346 1.7919964 113 0 0.026358346 1.9295664 125 0 0.026358346 1.6733687 138 0 0.074773682 1.4771793 150 0 0.074773682 1.2878442
7 0 0 0 0.96 25 0 -0.0063925892 0.96 50 0 -0.0063925892 0.96 113 0 -0.0063925892 0.95856356 125 0 -0.0063925892 0.75243575 138 0 -0.14698076 0.60655149 150 0 -0.14698076 0.43303726
7 0 -0.23 0 1.68 25 -0.23 0.017915402 1.68 113 -0.23 0.017915402 1.6729628 125 -0.23 0.017915402 1.4728629 138 -0.23 0.07551848 1.1949659 150 -0.23 0.07551848 1.1081156 160 -0.23 0.07551848 1.0207572
7 0 0.23 0 1.68 25 0.23 0.017915402 1.68 113 0.23 0.017915402 1.6729628 125 0.23 0.017915402 1.4728629 138 0.23 0.07551848 1.1949659 150 0.23 0.07551848 1.1081156 160 0.23 0.07551848 1.0207572
11 0 -0.25 -0.1 1.3 12 -0.25 -0.18112003 1.3 16 -0.25 -0.21518945 1.3 25 -0.25 -0.082084598 1.3 35 -0.25 -0.07525914 1.3 38 -0.25 -0.0038861442 1.3060603 113 -0.25 -0.0038861442 1.3015338 125 -0.25 -0.07696732 1.0865489 138 -0.25 -0.28015855 0.94066462 150 -0.25 -0.28015855 0.8538144 160 -0.25 -0.28015855 0.76645601
11 0 0.25 -0.1 1.3 12 0.25 -0.18112003 1.3 16 0.25 -0.21518945 1.3 25 0.25 -0.082084598 1.3 35 0.25 -0.07525914 1.3 38 0.25 -0.0038861442 1.3060603 113 0.25 -0.0038861442 1.3015338 125 0.25 -0.07696732 1.0865489 138 0.25 -0.28015855 0.94066462 150 0.25 -0.28015855 0.8538144 160 0.25 -0.28015855 0.76645601
12 0 -0.27 0.1 0.9 12 -0.27 0.2125367 1.086399 16 -0.27 0.22304764 1.3305649 19 -0.27 0.18800356 1.1378967 25 -0.27 0.1179154 0.9 35 -0.27 0.1179154 0.89301811 38 -0.27 0.040232135 0.82359435 113 -0.27 0.040232135 0.81906784 125 -0.27 0.21598432 0.72124588 138 -0.27 0.30116217 0.68319619 150 -0.27 0.30116217 0.59634597 160 -0.27 0.30116217 0.50898758
12 0 0.27 0.1 0.9 12 0.27 0.2125367 1.086399 16 0.27 0.22304764 1.3305649 19 0.27 0.18800356 1.1378967 25 0.27 0.1179154 0.9 35 0.27 0.1179154 0.89301811 38 0.27 0.040232135 0.82359435 113 0.27 0.040232135 0.81906784 125 0.27 0.21598432 0.72124588 138 0.27 0.30116217 0.68319619 150 0.27 0.30116217 0.59634597 160 0.27 0.30116217 0.50898758
5 0 -0.16 0 1.06 113 -0.16 0 1.0496024 125 -0.16 0 0.85243575 138 -0.16 -0.11983151 0.57769093 150 -0.16 -0.11983151 0.4644405
5 0 0.16 0 1.06 113 0.16 0 1.0496024 125 0.16 0 0.85243575 138 0.16 -0.11983151 0.57769093 150 0.16 -0.11983151 0.4644405
12 0 -0.18 0.1 0.5 12 -0.18 0.30480416 0.60068011 16 -0.18 0.24729993 0.59905173 25 -0.18 0.1179154 0.5 32 -0.18 0.1189736 0.5 35 -0.18 0.028023543 0.5 112 -0.18 0.041360673 0.48461522 125 -0.18 0.19141676 0.37283218 138 -0.18 0.29606419 0.32907163 144 -0.18 0.40236252 0.29831265 150 -0.18 0.4132918 0.13135282 160 -0.20150559 0.27110016 -0.0018197111
15 0 0.18 0.1 0.5 12 0.18 0.30480416 0.60068011 16 0.18 0.24729993 0.59905173 25 0.18 0.1179154 0.5 32 0.18 0.1189736 0.5 35 0.18 0.028023543 0.5 40 0.18 0.039726953 0.5 44 0.18 0.081047226 0.5 48 0.18 0.029699719 0.5 112 0.18 0.0408575 0.48771643 125 0.18 0.19309294 0.37283218 138 0.18 0.29774036 0.32907163 144 0.18 0.4040387 0.29831265 150 0.18 0.41496798 0.13135282 160 0.20147889 0.27277634 -0.0018197111
8 0 -0.18 0 0 12 -0.18 -0.16379147 0.30834631 16 -0.18 -0.22896423 0.3320458 25 -0.18 0.017915402 0 125 -0.18 0.017915402 0 138 -0.18 -0.081749672 0 150 -0.18 -0.18789094 0 160 -0.14793385 -0.30610935 0.027213434
11 0 0.18 0 0 12 0.18 -0.16379147 0.30834631 16 0.18 -0.22896423 0.3320458 25 0.18 0.017915402 0 40 0.18 0.031877956 0.016682061 44 0.18 -0.16785043 0.140594 48 0.18 -0.0020037893 -0.0057473281 125 0.18 -0.0020037893 -0.0057473281 138 0.18 -0.10166886 -0.0057473281 150 0.18 -0.20781013 -0.0057473281 160 0.15808802 -0.32602854 0.021466106

